function out = GVK142_025L6(w)
    % compute peak power, current, and efficiency given speed
    
    ws = [0,17.2614981000000,34.5229961900000,51.7844942900000,69.0459923900000,86.3074904800000,103.568988600000,120.830486700000,138.091984800000,155.353482900000,172.614981000000,189.876479100000,207.137977200000,224.399475300000,241.660973400000,258.922471400000,276.183969500000,293.445467600000,310.706965700000,327.968463800000,345.229961900000,362.491460000000,379.752958100000,397.014456200000,414.275954300000,431.537452400000,448.798950500000,466.060448600000,483.321946700000,500.583444800000,517.844942900000,535.106441000000,552.367939100000,569.629437200000,586.890935300000,604.152433400000,621.413931500000,638.675429600000,655.936927700000,673.198425800000,690.459923900000,707.721422000000,724.982920100000,742.244418200000,759.505916300000,776.767414300000,794.028912400000,811.290410500000,828.551908600000,845.813406700000,863.074904800000,880.336402900000,897.597901000000,914.859399100000,932.120897200000,949.382395300000,966.643893400000,983.905391500000,1001.16689000000,1018.42838800000,1035.68988600000,1052.95138400000,1070.21288200000,1087.47438000000,1104.73587800000,1121.99737600000,1139.25887400000,1156.52037200000,1173.78187100000,1191.04336900000,1208.30486700000,1225.56636500000,1242.82786300000,1260.08936100000,1277.35085900000,1294.61235700000,1311.87385500000,1329.13535300000,1346.39685200000,1363.65835000000,1380.91984800000,1398.18134600000,1415.44284400000,1432.70434200000,1449.96584000000,1467.22733800000,1484.48883600000,1501.75033400000,1519.01183300000,1536.27333100000,1553.53482900000,1570.79632700000];%rad/s
    ps = [0,326.299797900000,652.523780100000,978.669841100000,1304.73587400000,1630.71977100000,1956.61942400000,2282.43272000000,2608.15754700000,2933.79179100000,3259.33333600000,3584.78006100000,3910.12984700000,4235.38056900000,4560.53010200000,4885.57631500000,5210.51707800000,5535.35025300000,5860.07370400000,6184.68528700000,6509.18285800000,6833.56426600000,7157.82735900000,7481.96997800000,7805.98996200000,8129.88514500000,8453.65335600000,8777.29241900000,9100.80015500000,9424.17437800000,9747.41289600000,10070.5135100000,10393.4740300000,10716.2922400000,11038.9659300000,11361.4928700000,11683.8708500000,12006.0976300000,12328.1709700000,12650.0886400000,12971.8483600000,13293.4479000000,13614.8849800000,13936.1573200000,14257.2626500000,14578.1986800000,14898.9631100000,15219.5536400000,15539.9679500000,15860.2037300000,16180.2586300000,16500.1303300000,16819.8164800000,17139.3147200000,17458.6226800000,17777.7379800000,18096.6582500000,18415.3810900000,18733.9041000000,19052.2248500000,19370.3409200000,19688.2498800000,20005.9492900000,20323.4366700000,20640.7095700000,20942.1971700000,21211.4040900000,21455.5793200000,21681.8093100000,21883.3641200000,22059.4144500000,22227.9417600000,22374.6072700000,22522.2943500000,22651.7632200000,22762.5694600000,22854.2831700000,22958.9976900000,23048.3363700000,22999.7904000000,23149.8113400000,23155.8712900000,23155.0596800000,23147.7635500000,23279.0140600000,23260.9016600000,23237.1595000000,23208.0859000000,23322.7399300000,23284.4627600000,23241.5234800000,23194.1548900000];
    pls = [1995.84863500000,1996.18769400000,1996.57513700000,1997.01096600000,1997.49517900000,1998.02777800000,1998.60876200000,1999.23813000000,1999.91588300000,2000.64202200000,2001.41654500000,2002.23945400000,2003.11074700000,2004.03042500000,2004.99848800000,2006.01493600000,2007.07977000000,2008.19298800000,2009.35459100000,2010.56457900000,2011.82295200000,2013.12971000000,2014.48485200000,2015.88838000000,2017.34029300000,2018.84059100000,2020.38927400000,2021.98634100000,2023.63179400000,2025.32563200000,2027.06785400000,2028.85846200000,2030.69745400000,2032.58483200000,2034.52059400000,2036.50474200000,2038.53727400000,2040.61819100000,2042.74749400000,2044.92518100000,2047.15125300000,2049.42571000000,2051.74855200000,2054.11977900000,2056.53939100000,2059.00738800000,2061.52377000000,2064.08853700000,2066.70168900000,2069.36322600000,2072.07314800000,2074.83145500000,2077.63814600000,2080.49322300000,2083.39668500000,2086.34853100000,2089.34876300000,2092.39737900000,2095.49438100000,2098.63976700000,2101.83353900000,2105.07569500000,2108.36623700000,2111.70516300000,2115.09247400000,2118.52817000000,2122.01225200000,2125.54471800000,2129.12556900000,2132.75480500000,2136.43242600000,2140.15843200000,2143.93282300000,2147.75559900000,2151.62676000000,2155.54630500000,2159.51423600000,2163.53055200000,2167.59525300000,2135.14334600000,2111.54059400000,2060.95331300000,2013.09471000000,1967.79975200000,1948.98033800000,1907.28095500000,1867.78530200000,1830.36772300000,1815.44542300000,1780.96134500000,1748.27934900000,1717.30240100000];
    is = [140.610452500000,140.606452700000,140.601882000000,140.596740300000,140.591027600000,140.584743700000,140.577888700000,140.570462400000,140.562464700000,140.553895600000,140.544754900000,140.535042500000,140.524758400000,140.513902300000,140.502474200000,140.490473800000,140.477901200000,140.464756000000,140.451038200000,140.436747600000,140.421884000000,140.406447200000,140.390437000000,140.373853300000,140.356695800000,140.338964300000,140.320658600000,140.301778500000,140.282323800000,140.262294200000,140.241689400000,140.220509200000,140.198753400000,140.176421700000,140.153513800000,140.130029400000,140.105968200000,140.081330000000,140.056114400000,140.030321100000,140.003949800000,139.977000200000,139.949471900000,139.921364700000,139.892678000000,139.863411700000,139.833565300000,139.803138500000,139.772130800000,139.740541900000,139.708371500000,139.675619000000,139.642284100000,139.608366400000,139.573865400000,139.538780700000,139.503111900000,139.466858500000,139.430020100000,139.392596200000,139.354586300000,139.315990000000,139.276806700000,139.237036100000,139.196677400000,139.155730300000,139.114194300000,139.072068800000,139.029353200000,138.986047000000,138.942149800000,138.897660800000,138.852579600000,138.806905600000,138.760638100000,138.713776600000,138.666320500000,138.618269200000,138.569622100000,137.206686000000,136.150031100000,134.089645400000,132.097032700000,130.169025800000,129.228313600000,127.391699600000,125.612595100000,123.888453700000,123.046239500000,121.400091400000,119.803169000000,0];
    ts = [18.9054856300000,18.9033301800000,18.9011340900000,18.8988973300000,18.8966199100000,18.8943017800000,18.8919429500000,18.8895433800000,18.8871030500000,18.8846219400000,18.8821000200000,18.8795372600000,18.8769336300000,18.8742891000000,18.8716036300000,18.8688771900000,18.8661097400000,18.8633012400000,18.8604516500000,18.8575609200000,18.8546290200000,18.8516558900000,18.8486414800000,18.8455857500000,18.8424886400000,18.8393500900000,18.8361700600000,18.8329484800000,18.8296853000000,18.8263804500000,18.8230338600000,18.8196454800000,18.8162152400000,18.8127430600000,18.8092288800000,18.8056726100000,18.8020742000000,18.7984335600000,18.7947506100000,18.7910252800000,18.7872574700000,18.7834471100000,18.7795941100000,18.7756983800000,18.7717598300000,18.7677783700000,18.7637539100000,18.7596863500000,18.7555755900000,18.7514215300000,18.7472240700000,18.7429831100000,18.7386985400000,18.7343702600000,18.7299981400000,18.7255821000000,18.7211220000000,18.7166177300000,18.7120691800000,18.7074762200000,18.7028387400000,18.6981566200000,18.6934297100000,18.6886579000000,18.6838410600000,18.6651035100000,18.6185989600000,18.5518386300000,18.4717534400000,18.3732722900000,18.2564972300000,18.1368732000000,18.0029817000000,17.8735691700000,17.7333917800000,17.5825368300000,17.4210981300000,17.2736340400000,17.1185310900000,16.8662410300000,16.7640514200000,16.5614219900000,16.3588800400000,16.1566925300000,16.0548706800000,15.8536452100000,15.6533070000000,15.4540241300000,15.3538895700000,15.1564583500000,14.9604135400000,14.6000000000000];
