function out = GVK142_050L6(w)
    
    ws = [0,17.2614981000000,34.5229961900000,51.7844942900000,69.0459923900000,86.3074904800000,103.568988600000,120.830486700000,138.091984800000,155.353482900000,172.614981000000,189.876479100000,207.137977200000,224.399475300000,241.660973400000,258.922471400000,276.183969500000,293.445467600000,310.706965700000,327.968463800000,345.229961900000,362.491460000000,379.752958100000,397.014456200000,414.275954300000,431.537452400000,448.798950500000,466.060448600000,483.321946700000,500.583444800000,517.844942900000,535.106441000000,552.367939100000,569.629437200000,586.890935300000,604.152433400000,621.413931500000,638.675429600000,655.936927700000,673.198425800000,690.459923900000,707.721422000000,724.982920100000,742.244418200000,759.505916300000,776.767414300000,794.028912400000,811.290410500000,828.551908600000,845.813406700000,863.074904800000,880.336402900000,897.597901000000,914.859399100000,932.120897200000,949.382395300000,966.643893400000,983.905391500000,1001.16689000000,1018.42838800000,1035.68988600000,1052.95138400000,1070.21288200000,1087.47438000000,1104.73587800000,1121.99737600000,1139.25887400000,1156.52037200000,1173.78187100000,1191.04336900000,1208.30486700000,1225.56636500000,1242.82786300000,1260.08936100000,1277.35085900000,1294.61235700000,1311.87385500000,1329.13535300000,1346.39685200000,1363.65835000000,1380.91984800000,1398.18134600000,1415.44284400000,1432.70434200000,1449.96584000000,1467.22733800000,1484.48883600000,1501.75033400000,1519.01183300000,1536.27333100000,1553.53482900000,1570.79632700000];%rad/s
    ps = [0,677.370402200000,1354.58334100000,2031.63350800000,2708.51558700000,3385.22425700000,4061.75419200000,4738.10005500000,5414.25650500000,6090.21818800000,6765.97974400000,7441.53580100000,8116.88097600000,8792.00987400000,9466.91708900000,10141.5972000000,10816.0447700000,11490.2543500000,12164.2204800000,12837.9376800000,13511.4004500000,14184.6032700000,14857.5406100000,15530.2069100000,16202.5966100000,16874.7041000000,17546.5237800000,18218.0500100000,18889.2771200000,19560.1994200000,20230.8112200000,20900.9789000000,21495.1012100000,21965.6983400000,22338.1432700000,22615.2585100000,22864.4509800000,23060.0519700000,23125.8832600000,23357.0808600000,23434.2396900000,23615.5562900000,23638.8260500000,23777.2663700000,23755.0186200000,23711.7115300000,23649.2248100000,23716.1690100000,23620.8315600000,23510.4522700000,23386.2109700000,23398.4471600000,23249.4636700000,23089.2945900000,23068.2227000000,22887.5033000000,22697.5873500000,22499.0478000000,22292.4009600000,22078.1128200000,21856.6044600000,21628.2568000000,21393.4146500000,21152.3903500000,20905.4668600000,20654.1404800000,20399.7419100000,20003.7558800000,19744.2435400000,19481.3739900000,19080.9481300000,18812.1932400000,18408.3958400000,18133.2293300000,17725.2214200000,17443.1432400000,17030.1344200000,16614.9499300000,16197.3228400000,15776.9942200000,15353.7121300000,14927.2307000000,14497.3092900000,14063.7116800000,13507.1425800000,12947.9679200000,12385.6993900000,11819.8605300000,11249.9846800000,10560.5989000000,9867.40764300000,9169.62615000000,0,0,0,0];%lbin/sec
    pls = [3232.64715000000,3233.28176300000,3234.00693600000,3234.82266900000,3235.72896200000,3236.72581600000,3237.81323000000,3238.99120400000,3240.25973800000,3241.61883200000,3243.06848700000,3244.60870100000,3246.23947600000,3247.96081100000,3249.77270600000,3251.67516200000,3253.66817700000,3255.75175300000,3257.92588900000,3260.19058500000,3262.54584200000,3264.99165800000,3267.52803500000,3270.15497200000,3272.87246900000,3275.68052600000,3278.57914300000,3281.56832100000,3284.64805900000,3287.81835700000,3291.07921500000,3294.43063400000,3297.87261200000,3301.40515100000,3305.02825000000,3308.74190900000,3312.54612800000,3316.44090800000,3203.24532900000,3070.79515300000,2907.34075000000,2796.45512700000,2658.72640000000,2565.26085300000,2448.42135700000,2341.76381000000,2244.23233900000,2178.23842600000,2094.56476600000,2017.75239300000,1947.15842100000,1899.80287200000,1838.79680100000,1782.59889000000,1745.30787400000,1696.59830700000,1651.67385400000,1610.23341300000,1572.00648900000,1536.74953700000,1504.24281400000,1474.28764500000,1446.70405000000,1421.32868300000,1398.01302300000,1376.62180100000,1357.03160400000,1332.52777500000,1316.55976600000,1302.05982500000,1283.39576900000,1271.86632700000,1256.61733100000,1247.70068500000,1235.45861000000,1228.85638500000,1219.27980100000,1211.04256100000,1204.06414100000,1198.27113500000,1193.59654300000,1189.97913200000,1187.36288200000,1185.69648900000,1182.54380700000,642.455792900000,629.690096200000,617.837671200000,606.844026700000,595.038057000000,584.263965400000,574.459413900000,574,574,574,574];
    is = [214.532370700000,214.523391100000,214.513129600000,214.501586000000,214.488760200000,214.474652000000,214.459260900000,214.442586900000,214.424629500000,214.405388500000,214.384863500000,214.363054200000,214.339960100000,214.315580900000,214.289916100000,214.262965200000,214.234727700000,214.205203200000,214.174391100000,214.142290900000,214.108901900000,214.074223700000,214.038255400000,214.000996600000,213.962446500000,213.922604400000,213.881469600000,213.839041400000,213.795319000000,213.750301500000,213.703988300000,213.656378300000,213.607470900000,213.557265000000,213.505759700000,213.452954200000,213.398847400000,213.343438400000,209.339171500000,204.583436000000,198.601663000000,194.364237200000,189.019259900000,185.222712400000,180.421741900000,175.896790600000,171.625896600000,168.577537400000,164.705109200000,161.037284100000,157.559305800000,155.067326900000,151.890194900000,148.869079500000,146.699414300000,143.927152100000,141.284757600000,138.764203300000,136.358124600000,134.059753100000,131.862858100000,129.761694600000,127.750957200000,125.825739900000,123.981499100000,122.214021500000,120.519395000000,118.498042900000,116.954416700000,115.472711800000,113.703271500000,112.350608100000,110.734316500000,109.498104800000,108.020353700000,106.889736400000,105.537901800000,104.251192800000,103.026485700000,101.860886800000,100.751713800000,99.6964776800000,98.6928679800000,97.7387383200000,96.6562978300000,95.6390613700000,94.6841123000000,93.7887770300000,92.9506050700000,92.0420010400000,91.2049125800000,90,90,90,90,90]/sqrt(2);
    ts = [39.2461512400000,39.2416926000000,39.2371315000000,39.2324678600000,39.2277016100000,39.2228326700000,39.2178609400000,39.2127863200000,39.2076087100000,39.2023279800000,39.1969440100000,39.1914566700000,39.1858658100000,39.1801712700000,39.1743729100000,39.1684705500000,39.1624640200000,39.1563531200000,39.1501376700000,39.1438174600000,39.1373922800000,39.1308619200000,39.1242261300000,39.1174846900000,39.1106373400000,39.1036838400000,39.0966239200000,39.0894573000000,39.0821837200000,39.0748028700000,39.0673144600000,39.0594792100000,38.9144620700000,38.5613820300000,38.0618304500000,37.4330338900000,36.7942362100000,36.1060577900000,35.2562606000000,34.6956855000000,33.9400432700000,33.3684350400000,32.6060454600000,32.0342811400000,31.2769369100000,30.5261409000000,29.7838333600000,29.2326504800000,28.5085717800000,27.7962634400000,27.0963862300000,26.5789839900000,25.9018694800000,25.2380798700000,24.7481016300000,24.1077814600000,23.4808159500000,22.8670845700000,22.2664185100000,21.6786109700000,21.1034256100000,20.5406034200000,19.9898683800000,19.4509321200000,18.9234977100000,18.4083679000000,17.9061514200000,17.2965010900000,16.8210500100000,16.3565614000000,15.7915015100000,15.3497956400000,14.8117019200000,14.3904312600000,13.8765487200000,13.4736418500000,12.9815335100000,12.5005703000000,12.0301253100000,11.5696092300000,11.1184672700000,10.6761764100000,10.2422428100000,9.81619952100000,9.31549020200000,8.82478643900000,8.34341026000000,7.87072275600000,7.40612050300000,6.87416665400000,6.35158443900000,5.90000000000000,5,5,5,5];
